2015 09 17 00 54 00 2 4054.271
2015 09 17 00 53 00 2 4054.275
2015 09 17 00 52 00 2 4054.267
2015 09 17 00 51 00 2 4054.255
2015 09 17 00 50 00 2 4054.246
2015 09 17 00 49 00 2 4054.240
2015 09 17 00 48 00 2 4054.240
2015 09 17 00 47 00 2 4054.237
2015 09 17 00 46 00 2 4054.237
2015 09 17 00 45 00 2 4054.240
2015 09 17 00 44 00 2 4054.256
2015 09 17 00 43 00 2 4054.275
2015 09 17 00 42 00 2 4054.267
2015 09 17 00 41 00 2 4054.262
2015 09 17 00 40 00 2 4054.265
2015 09 17 00 39 00 2 4054.266
2015 09 17 00 38 00 2 4054.269
2015 09 17 00 37 00 2 4054.266
2015 09 17 00 36 00 2 4054.259
2015 09 17 00 35 00 2 4054.251
2015 09 17 00 34 00 2 4054.237
2015 09 17 00 33 00 2 4054.226
2015 09 17 00 32 00 2 4054.215
2015 09 17 00 31 00 2 4054.206
2015 09 17 00 30 00 2 4054.203
2015 09 17 00 29 00 2 4054.200
2015 09 17 00 28 00 2 4054.190
2015 09 17 00 27 00 2 4054.183
2015 09 17 00 26 00 2 4054.189
2015 09 17 00 25 00 2 4054.192
2015 09 17 00 24 00 2 4054.184
2015 09 17 00 23 00 2 4054.173
2015 09 17 00 22 00 2 4054.177
2015 09 17 00 21 00 2 4054.173
2015 09 17 00 20 00 2 4054.156
2015 09 17 00 19 00 2 4054.142
2015 09 17 00 18 00 2 4054.131
2015 09 17 00 17 00 2 4054.128
2015 09 17 00 16 00 2 4054.132
2015 09 17 00 15 00 2 4054.135
2015 09 17 00 14 00 2 4054.149
2015 09 17 00 13 00 2 4054.145
2015 09 17 00 12 00 2 4054.135
2015 09 17 00 11 00 2 4054.114
2015 09 17 00 10 00 2 4054.116
2015 09 17 00 09 00 2 4054.112
2015 09 17 00 08 00 2 4054.107
2015 09 17 00 07 00 2 4054.096
2015 09 17 00 06 00 2 4054.093
2015 09 17 00 05 00 2 4054.081
2015 09 17 00 04 00 2 4054.070
2015 09 17 00 03 00 2 4054.085
2015 09 17 00 02 00 2 4054.107
2015 09 17 00 01 00 2 4054.096
2015 09 17 00 00 00 2 4054.075
2015 09 16 23 59 00 2 4054.078
2015 09 16 23 58 00 2 4054.097
2015 09 16 23 57 00 2 4054.097
2015 09 16 23 56 00 2 4054.101
2015 09 16 23 55 00 2 4054.106
2015 09 16 23 54 00 2 4054.088
2015 09 16 23 53 00 2 4054.071
2015 09 16 23 52 00 2 4054.038
2015 09 16 23 51 00 2 4054.010
2015 09 16 23 50 00 2 4053.987
2015 09 16 23 49 00 2 4053.991
2015 09 16 23 48 00 2 4054.030
2015 09 16 23 47 00 2 4054.080
2015 09 16 23 46 00 2 4054.070
2015 09 16 23 45 00 2 4054.059
2015 09 16 23 44 00 2 4054.055
2015 09 16 23 43 00 2 4054.057
2015 09 16 23 42 00 2 4054.042
2015 09 16 23 41 00 2 4054.087
2015 09 16 23 40 00 2 4054.101
2015 09 16 23 39 00 2 4054.099
2015 09 16 23 38 00 2 4054.105
2015 09 16 23 37 00 2 4054.126
2015 09 16 23 36 00 2 4054.134
2015 09 16 23 35 00 2 4054.120
2015 09 16 23 34 00 2 4054.136
2015 09 16 23 33 00 2 4054.128
2015 09 16 23 32 00 2 4054.106
2015 09 16 23 31 00 2 4054.090
2015 09 16 23 30 00 2 4054.084
2015 09 16 23 29 00 2 4054.036
2015 09 16 23 28 00 2 4054.033
2015 09 16 23 27 00 2 4054.008
2015 09 16 23 26 00 2 4053.999
2015 09 16 23 25 00 2 4053.990
2015 09 16 23 24 00 2 4054.001
2015 09 16 23 23 00 2 4053.979
2015 09 16 23 22 00 2 4053.986
2015 09 16 23 21 00 2 4053.969
2015 09 16 23 20 00 2 4053.989
2015 09 16 23 19 00 2 4053.958
2015 09 16 23 18 00 2 4053.983
2015 09 16 23 17 00 2 4053.977
2015 09 16 23 16 00 2 4053.941
2015 09 16 23 15 00 2 4053.951
2015 09 16 23 14 00 2 4053.986
2015 09 16 23 13 00 2 4053.945
2015 09 16 23 12 00 2 4053.956
2015 09 16 23 11 00 2 4053.919
2015 09 16 23 10 00 2 4053.970
2015 09 16 23 09 00 2 4053.971
2015 09 16 23 08 00 2 4053.952
2015 09 16 23 07 00 2 4053.967
2015 09 16 23 06 00 2 4053.907
2015 09 16 23 05 00 2 4053.901
2015 09 16 23 04 00 2 4053.946
2015 09 16 23 03 00 2 4054.030
2015 09 16 23 02 00 2 4053.937
2015 09 16 23 01 00 2 4053.903
2015 09 16 23 00 00 3 4054.043
2015 09 16 22 59 00 2 4053.785
2015 09 16 22 58 00 2 4053.950
2015 09 16 22 57 00 2 4053.956
2015 09 16 22 56 00 2 4053.923
2015 09 16 22 55 00 2 4053.916
2015 09 16 22 54 00 2 4053.914